66.49
14.40
43.54
36.50
18.34
117.23
31.10
26.78
79.39
58.36
72.88
40.22
45.87
70.99
31.28
54.58
40.72
17.87
26.09
62.87
90.52
5.92
99.39
27.72
50.24
17.62
53.10
50.47
77.94
87.60
34.85
70.53
57.46
60.30
15.52
23.20
26.56
66.91
54.17
116.41
43.64
62.05
46.57
86.96
46.12
50.13
22.97
89.37
71.37
107.94
45.21
43.26
34.39
17.17
115.67
19.85
68.32
56.18
74.29
33.44
18.64
24.11
18.51
48.27
14.15
17.87
49.00
34.90
16.37
87.58
103.58
68.48
51.21
33.52
71.21
55.21
40.56
72.33
29.69
25.07
17.52
76.62
37.29
50.81
73.07
15.52
98.73
90.81
15.70
45.44
68.14
18.76
80.38
61.50
41.39
76.96
87.07
78.03
29.82
96.03
92.10
14.09
35.29
48.17
75.71
110.77
93.50
55.92
14.15
144.97
36.54
52.92
98.42
55.98
14.15
23.90
115.05
22.23
37.76
17.45
29.11
48.71
36.86
21.87
61.03
24.04
16.43
42.34
48.48
16.88
34.74
29.42
121.75
113.76
97.20
86.62
